ModelWeb Browser Results

nrlmsise model listing
Required input parameters
Year= 2016, Month= 10, Day= 13, Hour=13.00,
Time_type = Universal
Coordinate_type = Geographic
Latitude=   65.11, Longitude=  212.70, Height=   200.00
Prof. parameters: Start=     0.00 Stop=   100.00 Step=     0.10

Optional input parameters:

Sunspot number(Rz12) =not specified
Ionospheric index(IG12) =not specified
Upper limit for Electron content = not specified
F peak model =  
Ne Topside =  
foF2 Storm model =  
Bottomside Thickness =  
F1 occurrence probability =  
D-Region Ne =  
Topside Te =  
Ion Composition =  

Selected output parameters:
1  Height, km
2  Mass_density, g/cm-3

1         2         
    0.0 1.332E-03
    0.1 1.316E-03
    0.2 1.301E-03
    0.3 1.287E-03
    0.4 1.272E-03
    0.5 1.258E-03
    0.6 1.243E-03
    0.7 1.229E-03
    0.8 1.216E-03
    0.9 1.202E-03
    1.0 1.189E-03
    1.1 1.175E-03
    1.2 1.162E-03
    1.3 1.149E-03
    1.4 1.137E-03
    1.5 1.124E-03
    1.6 1.112E-03
    1.7 1.100E-03
    1.8 1.087E-03
    1.9 1.075E-03
    2.0 1.064E-03
    2.1 1.052E-03
    2.2 1.040E-03
    2.3 1.029E-03
    2.4 1.018E-03
    2.5 1.006E-03
    2.6 9.953E-04
    2.7 9.844E-04
    2.8 9.735E-04
    2.9 9.628E-04
    3.0 9.522E-04
    3.1 9.417E-04
    3.2 9.312E-04
    3.3 9.209E-04
    3.4 9.107E-04
    3.5 9.006E-04
    3.6 8.906E-04
    3.7 8.807E-04
    3.8 8.708E-04
    3.9 8.611E-04
    4.0 8.514E-04
    4.1 8.418E-04
    4.2 8.323E-04
    4.3 8.229E-04
    4.4 8.136E-04
    4.5 8.043E-04
    4.6 7.952E-04
    4.7 7.861E-04
    4.8 7.771E-04
    4.9 7.681E-04
    5.0 7.593E-04
    5.1 7.505E-04
    5.2 7.417E-04
    5.3 7.331E-04
    5.4 7.245E-04
    5.5 7.160E-04
    5.6 7.076E-04
    5.7 6.992E-04
    5.8 6.909E-04
    5.9 6.826E-04
    6.0 6.745E-04
    6.1 6.663E-04
    6.2 6.583E-04
    6.3 6.503E-04
    6.4 6.424E-04
    6.5 6.346E-04
    6.6 6.268E-04
    6.7 6.190E-04
    6.8 6.114E-04
    6.9 6.038E-04
    7.0 5.962E-04
    7.1 5.888E-04
    7.2 5.813E-04
    7.3 5.740E-04
    7.4 5.667E-04
    7.5 5.595E-04
    7.6 5.523E-04
    7.7 5.452E-04
    7.8 5.381E-04
    7.9 5.311E-04
    8.0 5.242E-04
    8.1 5.173E-04
    8.2 5.105E-04
    8.3 5.037E-04
    8.4 4.970E-04
    8.5 4.904E-04
    8.6 4.838E-04
    8.7 4.773E-04
    8.8 4.708E-04
    8.9 4.644E-04
    9.0 4.581E-04
    9.1 4.518E-04
    9.2 4.455E-04
    9.3 4.394E-04
    9.4 4.332E-04
    9.5 4.272E-04
    9.6 4.212E-04
    9.7 4.152E-04
    9.8 4.094E-04
    9.9 4.035E-04
   10.0 3.978E-04
   10.1 3.920E-04
   10.2 3.864E-04
   10.3 3.808E-04
   10.4 3.752E-04
   10.5 3.698E-04
   10.6 3.643E-04
   10.7 3.590E-04
   10.8 3.537E-04
   10.9 3.485E-04
   11.0 3.433E-04
   11.1 3.382E-04
   11.2 3.331E-04
   11.3 3.281E-04
   11.4 3.232E-04
   11.5 3.183E-04
   11.6 3.135E-04
   11.7 3.088E-04
   11.8 3.041E-04
   11.9 2.995E-04
   12.0 2.950E-04
   12.1 2.905E-04
   12.2 2.861E-04
   12.3 2.817E-04
   12.4 2.774E-04
   12.5 2.731E-04
   12.6 2.690E-04
   12.7 2.648E-04
   12.8 2.608E-04
   12.9 2.568E-04
   13.0 2.528E-04
   13.1 2.489E-04
   13.2 2.451E-04
   13.3 2.413E-04
   13.4 2.376E-04
   13.5 2.339E-04
   13.6 2.303E-04
   13.7 2.268E-04
   13.8 2.233E-04
   13.9 2.198E-04
   14.0 2.165E-04
   14.1 2.131E-04
   14.2 2.098E-04
   14.3 2.066E-04
   14.4 2.034E-04
   14.5 2.003E-04
   14.6 1.972E-04
   14.7 1.942E-04
   14.8 1.912E-04
   14.9 1.883E-04
   15.0 1.854E-04
   15.1 1.826E-04
   15.2 1.798E-04
   15.3 1.770E-04
   15.4 1.743E-04
   15.5 1.717E-04
   15.6 1.691E-04
   15.7 1.665E-04
   15.8 1.640E-04
   15.9 1.615E-04
   16.0 1.590E-04
   16.1 1.566E-04
   16.2 1.543E-04
   16.3 1.519E-04
   16.4 1.496E-04
   16.5 1.474E-04
   16.6 1.451E-04
   16.7 1.429E-04
   16.8 1.408E-04
   16.9 1.387E-04
   17.0 1.366E-04
   17.1 1.345E-04
   17.2 1.325E-04
   17.3 1.305E-04
   17.4 1.285E-04
   17.5 1.266E-04
   17.6 1.247E-04
   17.7 1.228E-04
   17.8 1.210E-04
   17.9 1.191E-04
   18.0 1.174E-04
   18.1 1.156E-04
   18.2 1.139E-04
   18.3 1.121E-04
   18.4 1.105E-04
   18.5 1.088E-04
   18.6 1.072E-04
   18.7 1.056E-04
   18.8 1.040E-04
   18.9 1.024E-04
   19.0 1.009E-04
   19.1 9.935E-05
   19.2 9.786E-05
   19.3 9.639E-05
   19.4 9.494E-05
   19.5 9.351E-05
   19.6 9.211E-05
   19.7 9.072E-05
   19.8 8.935E-05
   19.9 8.801E-05
   20.0 8.669E-05
   20.1 8.538E-05
   20.2 8.409E-05
   20.3 8.283E-05
   20.4 8.158E-05
   20.5 8.035E-05
   20.6 7.914E-05
   20.7 7.794E-05
   20.8 7.677E-05
   20.9 7.561E-05
   21.0 7.447E-05
   21.1 7.334E-05
   21.2 7.224E-05
   21.3 7.114E-05
   21.4 7.007E-05
   21.5 6.901E-05
   21.6 6.797E-05
   21.7 6.694E-05
   21.8 6.592E-05
   21.9 6.493E-05
   22.0 6.394E-05
   22.1 6.297E-05
   22.2 6.202E-05
   22.3 6.108E-05
   22.4 6.015E-05
   22.5 5.924E-05
   22.6 5.834E-05
   22.7 5.745E-05
   22.8 5.658E-05
   22.9 5.572E-05
   23.0 5.488E-05
   23.1 5.404E-05
   23.2 5.322E-05
   23.3 5.241E-05
   23.4 5.161E-05
   23.5 5.083E-05
   23.6 5.005E-05
   23.7 4.929E-05
   23.8 4.854E-05
   23.9 4.780E-05
   24.0 4.707E-05
   24.1 4.635E-05
   24.2 4.564E-05
   24.3 4.495E-05
   24.4 4.426E-05
   24.5 4.358E-05
   24.6 4.292E-05
   24.7 4.226E-05
   24.8 4.161E-05
   24.9 4.098E-05
   25.0 4.035E-05
   25.1 3.973E-05
   25.2 3.912E-05
   25.3 3.852E-05
   25.4 3.793E-05
   25.5 3.735E-05
   25.6 3.678E-05
   25.7 3.622E-05
   25.8 3.566E-05
   25.9 3.511E-05
   26.0 3.457E-05
   26.1 3.404E-05
   26.2 3.352E-05
   26.3 3.300E-05
   26.4 3.249E-05
   26.5 3.199E-05
   26.6 3.150E-05
   26.7 3.102E-05
   26.8 3.054E-05
   26.9 3.007E-05
   27.0 2.961E-05
   27.1 2.915E-05
   27.2 2.870E-05
   27.3 2.826E-05
   27.4 2.782E-05
   27.5 2.739E-05
   27.6 2.697E-05
   27.7 2.655E-05
   27.8 2.614E-05
   27.9 2.574E-05
   28.0 2.534E-05
   28.1 2.495E-05
   28.2 2.456E-05
   28.3 2.418E-05
   28.4 2.381E-05
   28.5 2.344E-05
   28.6 2.307E-05
   28.7 2.272E-05
   28.8 2.236E-05
   28.9 2.202E-05
   29.0 2.168E-05
   29.1 2.134E-05
   29.2 2.101E-05
   29.3 2.068E-05
   29.4 2.036E-05
   29.5 2.004E-05
   29.6 1.973E-05
   29.7 1.943E-05
   29.8 1.912E-05
   29.9 1.883E-05
   30.0 1.853E-05
   30.1 1.824E-05
   30.2 1.796E-05
   30.3 1.768E-05
   30.4 1.740E-05
   30.5 1.713E-05
   30.6 1.687E-05
   30.7 1.660E-05
   30.8 1.634E-05
   30.9 1.609E-05
   31.0 1.584E-05
   31.1 1.559E-05
   31.2 1.535E-05
   31.3 1.511E-05
   31.4 1.487E-05
   31.5 1.464E-05
   31.6 1.441E-05
   31.7 1.419E-05
   31.8 1.396E-05
   31.9 1.375E-05
   32.0 1.353E-05
   32.1 1.332E-05
   32.2 1.311E-05
   32.3 1.291E-05
   32.4 1.270E-05
   32.5 1.250E-05
   32.6 1.231E-05
   32.7 1.212E-05
   32.8 1.193E-05
   32.9 1.174E-05
   33.0 1.155E-05
   33.1 1.137E-05
   33.2 1.119E-05
   33.3 1.101E-05
   33.4 1.084E-05
   33.5 1.067E-05
   33.6 1.050E-05
   33.7 1.033E-05
   33.8 1.017E-05
   33.9 1.001E-05
   34.0 9.847E-06
   34.1 9.690E-06
   34.2 9.535E-06
   34.3 9.383E-06
   34.4 9.233E-06
   34.5 9.086E-06
   34.6 8.941E-06
   34.7 8.798E-06
   34.8 8.657E-06
   34.9 8.518E-06
   35.0 8.382E-06
   35.1 8.248E-06
   35.2 8.116E-06
   35.3 7.986E-06
   35.4 7.858E-06
   35.5 7.732E-06
   35.6 7.608E-06
   35.7 7.486E-06
   35.8 7.366E-06
   35.9 7.248E-06
   36.0 7.131E-06
   36.1 7.017E-06
   36.2 6.904E-06
   36.3 6.794E-06
   36.4 6.685E-06
   36.5 6.578E-06
   36.6 6.472E-06
   36.7 6.368E-06
   36.8 6.266E-06
   36.9 6.166E-06
   37.0 6.067E-06
   37.1 5.970E-06
   37.2 5.875E-06
   37.3 5.781E-06
   37.4 5.688E-06
   37.5 5.597E-06
   37.6 5.508E-06
   37.7 5.420E-06
   37.8 5.334E-06
   37.9 5.249E-06
   38.0 5.165E-06
   38.1 5.083E-06
   38.2 5.002E-06
   38.3 4.923E-06
   38.4 4.844E-06
   38.5 4.767E-06
   38.6 4.692E-06
   38.7 4.617E-06
   38.8 4.544E-06
   38.9 4.473E-06
   39.0 4.402E-06
   39.1 4.332E-06
   39.2 4.264E-06
   39.3 4.197E-06
   39.4 4.131E-06
   39.5 4.066E-06
   39.6 4.002E-06
   39.7 3.939E-06
   39.8 3.878E-06
   39.9 3.817E-06
   40.0 3.757E-06
   40.1 3.699E-06
   40.2 3.641E-06
   40.3 3.584E-06
   40.4 3.528E-06
   40.5 3.474E-06
   40.6 3.420E-06
   40.7 3.367E-06
   40.8 3.315E-06
   40.9 3.264E-06
   41.0 3.213E-06
   41.1 3.164E-06
   41.2 3.115E-06
   41.3 3.067E-06
   41.4 3.020E-06
   41.5 2.974E-06
   41.6 2.929E-06
   41.7 2.884E-06
   41.8 2.840E-06
   41.9 2.797E-06
   42.0 2.755E-06
   42.1 2.713E-06
   42.2 2.672E-06
   42.3 2.631E-06
   42.4 2.592E-06
   42.5 2.553E-06
   42.6 2.515E-06
   42.7 2.477E-06
   42.8 2.440E-06
   42.9 2.403E-06
   43.0 2.368E-06
   43.1 2.332E-06
   43.2 2.298E-06
   43.3 2.264E-06
   43.4 2.230E-06
   43.5 2.198E-06
   43.6 2.165E-06
   43.7 2.133E-06
   43.8 2.102E-06
   43.9 2.071E-06
   44.0 2.041E-06
   44.1 2.012E-06
   44.2 1.982E-06
   44.3 1.954E-06
   44.4 1.925E-06
   44.5 1.898E-06
   44.6 1.870E-06
   44.7 1.843E-06
   44.8 1.817E-06
   44.9 1.791E-06
   45.0 1.766E-06
   45.1 1.740E-06
   45.2 1.716E-06
   45.3 1.692E-06
   45.4 1.668E-06
   45.5 1.644E-06
   45.6 1.621E-06
   45.7 1.598E-06
   45.8 1.576E-06
   45.9 1.554E-06
   46.0 1.532E-06
   46.1 1.511E-06
   46.2 1.490E-06
   46.3 1.469E-06
   46.4 1.449E-06
   46.5 1.429E-06
   46.6 1.409E-06
   46.7 1.390E-06
   46.8 1.371E-06
   46.9 1.352E-06
   47.0 1.334E-06
   47.1 1.316E-06
   47.2 1.298E-06
   47.3 1.280E-06
   47.4 1.263E-06
   47.5 1.246E-06
   47.6 1.229E-06
   47.7 1.212E-06
   47.8 1.196E-06
   47.9 1.180E-06
   48.0 1.164E-06
   48.1 1.149E-06
   48.2 1.133E-06
   48.3 1.118E-06
   48.4 1.103E-06
   48.5 1.088E-06
   48.6 1.074E-06
   48.7 1.060E-06
   48.8 1.046E-06
   48.9 1.032E-06
   49.0 1.018E-06
   49.1 1.005E-06
   49.2 9.914E-07
   49.3 9.784E-07
   49.4 9.655E-07
   49.5 9.528E-07
   49.6 9.403E-07
   49.7 9.279E-07
   49.8 9.158E-07
   49.9 9.038E-07
   50.0 8.920E-07
   50.1 8.803E-07
   50.2 8.688E-07
   50.3 8.575E-07
   50.4 8.463E-07
   50.5 8.353E-07
   50.6 8.244E-07
   50.7 8.137E-07
   50.8 8.032E-07
   50.9 7.927E-07
   51.0 7.825E-07
   51.1 7.723E-07
   51.2 7.623E-07
   51.3 7.525E-07
   51.4 7.427E-07
   51.5 7.331E-07
   51.6 7.237E-07
   51.7 7.143E-07
   51.8 7.051E-07
   51.9 6.960E-07
   52.0 6.870E-07
   52.1 6.782E-07
   52.2 6.694E-07
   52.3 6.608E-07
   52.4 6.523E-07
   52.5 6.439E-07
   52.6 6.356E-07
   52.7 6.275E-07
   52.8 6.194E-07
   52.9 6.114E-07
   53.0 6.036E-07
   53.1 5.958E-07
   53.2 5.882E-07
   53.3 5.806E-07
   53.4 5.732E-07
   53.5 5.658E-07
   53.6 5.585E-07
   53.7 5.514E-07
   53.8 5.443E-07
   53.9 5.373E-07
   54.0 5.304E-07
   54.1 5.236E-07
   54.2 5.169E-07
   54.3 5.102E-07
   54.4 5.037E-07
   54.5 4.972E-07
   54.6 4.908E-07
   54.7 4.845E-07
   54.8 4.783E-07
   54.9 4.721E-07
   55.0 4.661E-07
   55.1 4.601E-07
   55.2 4.541E-07
   55.3 4.483E-07
   55.4 4.425E-07
   55.5 4.368E-07
   55.6 4.312E-07
   55.7 4.257E-07
   55.8 4.202E-07
   55.9 4.148E-07
   56.0 4.094E-07
   56.1 4.041E-07
   56.2 3.989E-07
   56.3 3.938E-07
   56.4 3.887E-07
   56.5 3.837E-07
   56.6 3.787E-07
   56.7 3.738E-07
   56.8 3.690E-07
   56.9 3.642E-07
   57.0 3.595E-07
   57.1 3.549E-07
   57.2 3.503E-07
   57.3 3.457E-07
   57.4 3.412E-07
   57.5 3.368E-07
   57.6 3.325E-07
   57.7 3.281E-07
   57.8 3.239E-07
   57.9 3.197E-07
   58.0 3.155E-07
   58.1 3.114E-07
   58.2 3.074E-07
   58.3 3.034E-07
   58.4 2.995E-07
   58.5 2.956E-07
   58.6 2.917E-07
   58.7 2.879E-07
   58.8 2.842E-07
   58.9 2.805E-07
   59.0 2.768E-07
   59.1 2.732E-07
   59.2 2.696E-07
   59.3 2.661E-07
   59.4 2.626E-07
   59.5 2.592E-07
   59.6 2.558E-07
   59.7 2.525E-07
   59.8 2.492E-07
   59.9 2.459E-07
   60.0 2.427E-07
   60.1 2.395E-07
   60.2 2.364E-07
   60.3 2.333E-07
   60.4 2.302E-07
   60.5 2.272E-07
   60.6 2.242E-07
   60.7 2.213E-07
   60.8 2.184E-07
   60.9 2.155E-07
   61.0 2.127E-07
   61.1 2.099E-07
   61.2 2.071E-07
   61.3 2.044E-07
   61.4 2.017E-07
   61.5 1.990E-07
   61.6 1.964E-07
   61.7 1.938E-07
   61.8 1.912E-07
   61.9 1.887E-07
   62.0 1.862E-07
   62.1 1.837E-07
   62.2 1.813E-07
   62.3 1.789E-07
   62.4 1.765E-07
   62.5 1.742E-07
   62.6 1.719E-07
   62.7 1.696E-07
   62.8 1.673E-07
   62.9 1.651E-07
   63.0 1.629E-07
   63.1 1.608E-07
   63.2 1.586E-07
   63.3 1.565E-07
   63.4 1.544E-07
   63.5 1.524E-07
   63.6 1.503E-07
   63.7 1.483E-07
   63.8 1.463E-07
   63.9 1.444E-07
   64.0 1.424E-07
   64.1 1.405E-07
   64.2 1.387E-07
   64.3 1.368E-07
   64.4 1.350E-07
   64.5 1.332E-07
   64.6 1.314E-07
   64.7 1.296E-07
   64.8 1.279E-07
   64.9 1.261E-07
   65.0 1.244E-07
   65.1 1.228E-07
   65.2 1.211E-07
   65.3 1.195E-07
   65.4 1.179E-07
   65.5 1.163E-07
   65.6 1.147E-07
   65.7 1.132E-07
   65.8 1.116E-07
   65.9 1.101E-07
   66.0 1.086E-07
   66.1 1.071E-07
   66.2 1.057E-07
   66.3 1.043E-07
   66.4 1.028E-07
   66.5 1.014E-07
   66.6 1.001E-07
   66.7 9.870E-08
   66.8 9.736E-08
   66.9 9.603E-08
   67.0 9.472E-08
   67.1 9.343E-08
   67.2 9.215E-08
   67.3 9.090E-08
   67.4 8.965E-08
   67.5 8.843E-08
   67.6 8.721E-08
   67.7 8.602E-08
   67.8 8.484E-08
   67.9 8.368E-08
   68.0 8.253E-08
   68.1 8.139E-08
   68.2 8.027E-08
   68.3 7.917E-08
   68.4 7.808E-08
   68.5 7.700E-08
   68.6 7.594E-08
   68.7 7.489E-08
   68.8 7.386E-08
   68.9 7.284E-08
   69.0 7.183E-08
   69.1 7.084E-08
   69.2 6.985E-08
   69.3 6.889E-08
   69.4 6.793E-08
   69.5 6.699E-08
   69.6 6.606E-08
   69.7 6.514E-08
   69.8 6.423E-08
   69.9 6.334E-08
   70.0 6.246E-08
   70.1 6.159E-08
   70.2 6.073E-08
   70.3 5.988E-08
   70.4 5.904E-08
   70.5 5.822E-08
   70.6 5.740E-08
   70.7 5.660E-08
   70.8 5.581E-08
   70.9 5.502E-08
   71.0 5.425E-08
   71.1 5.349E-08
   71.2 5.274E-08
   71.3 5.200E-08
   71.4 5.126E-08
   71.5 5.054E-08
   71.6 4.983E-08
   71.7 4.913E-08
   71.8 4.843E-08
   71.9 4.775E-08
   72.0 4.707E-08
   72.1 4.641E-08
   72.2 4.575E-08
   72.3 4.510E-08
   72.4 4.446E-08
   72.5 4.383E-08
   72.6 4.331E-08
   72.7 4.269E-08
   72.8 4.208E-08
   72.9 4.148E-08
   73.0 4.089E-08
   73.1 4.030E-08
   73.2 3.972E-08
   73.3 3.915E-08
   73.4 3.858E-08
   73.5 3.803E-08
   73.6 3.747E-08
   73.7 3.693E-08
   73.8 3.639E-08
   73.9 3.586E-08
   74.0 3.534E-08
   74.1 3.483E-08
   74.2 3.432E-08
   74.3 3.382E-08
   74.4 3.332E-08
   74.5 3.283E-08
   74.6 3.235E-08
   74.7 3.187E-08
   74.8 3.140E-08
   74.9 3.094E-08
   75.0 3.048E-08
   75.1 3.003E-08
   75.2 2.959E-08
   75.3 2.915E-08
   75.4 2.872E-08
   75.5 2.829E-08
   75.6 2.787E-08
   75.7 2.746E-08
   75.8 2.705E-08
   75.9 2.665E-08
   76.0 2.625E-08
   76.1 2.586E-08
   76.2 2.547E-08
   76.3 2.509E-08
   76.4 2.472E-08
   76.5 2.435E-08
   76.6 2.398E-08
   76.7 2.362E-08
   76.8 2.327E-08
   76.9 2.292E-08
   77.0 2.258E-08
   77.1 2.224E-08
   77.2 2.190E-08
   77.3 2.157E-08
   77.4 2.125E-08
   77.5 2.093E-08
   77.6 2.061E-08
   77.7 2.030E-08
   77.8 2.000E-08
   77.9 1.970E-08
   78.0 1.940E-08
   78.1 1.911E-08
   78.2 1.882E-08
   78.3 1.854E-08
   78.4 1.826E-08
   78.5 1.798E-08
   78.6 1.771E-08
   78.7 1.744E-08
   78.8 1.718E-08
   78.9 1.692E-08
   79.0 1.666E-08
   79.1 1.641E-08
   79.2 1.616E-08
   79.3 1.592E-08
   79.4 1.568E-08
   79.5 1.544E-08
   79.6 1.521E-08
   79.7 1.498E-08
   79.8 1.475E-08
   79.9 1.453E-08
   80.0 1.431E-08
   80.1 1.410E-08
   80.2 1.388E-08
   80.3 1.367E-08
   80.4 1.347E-08
   80.5 1.326E-08
   80.6 1.306E-08
   80.7 1.287E-08
   80.8 1.267E-08
   80.9 1.248E-08
   81.0 1.229E-08
   81.1 1.211E-08
   81.2 1.193E-08
   81.3 1.175E-08
   81.4 1.157E-08
   81.5 1.139E-08
   81.6 1.122E-08
   81.7 1.105E-08
   81.8 1.089E-08
   81.9 1.072E-08
   82.0 1.056E-08
   82.1 1.040E-08
   82.2 1.025E-08
   82.3 1.009E-08
   82.4 9.941E-09
   82.5 9.792E-09
   82.6 9.645E-09
   82.7 9.500E-09
   82.8 9.358E-09
   82.9 9.218E-09
   83.0 9.079E-09
   83.1 8.943E-09
   83.2 8.809E-09
   83.3 8.678E-09
   83.4 8.548E-09
   83.5 8.420E-09
   83.6 8.294E-09
   83.7 8.170E-09
   83.8 8.048E-09
   83.9 7.928E-09
   84.0 7.809E-09
   84.1 7.693E-09
   84.2 7.578E-09
   84.3 7.465E-09
   84.4 7.354E-09
   84.5 7.244E-09
   84.6 7.136E-09
   84.7 7.030E-09
   84.8 6.925E-09
   84.9 6.822E-09
   85.0 6.721E-09
   85.1 6.621E-09
   85.2 6.523E-09
   85.3 6.426E-09
   85.4 6.331E-09
   85.5 6.237E-09
   85.6 6.144E-09
   85.7 6.053E-09
   85.8 5.963E-09
   85.9 5.875E-09
   86.0 5.788E-09
   86.1 5.702E-09
   86.2 5.618E-09
   86.3 5.535E-09
   86.4 5.453E-09
   86.5 5.373E-09
   86.6 5.293E-09
   86.7 5.215E-09
   86.8 5.138E-09
   86.9 5.062E-09
   87.0 4.988E-09
   87.1 4.914E-09
   87.2 4.842E-09
   87.3 4.770E-09
   87.4 4.700E-09
   87.5 4.631E-09
   87.6 4.563E-09
   87.7 4.495E-09
   87.8 4.429E-09
   87.9 4.364E-09
   88.0 4.300E-09
   88.1 4.237E-09
   88.2 4.174E-09
   88.3 4.113E-09
   88.4 4.052E-09
   88.5 3.993E-09
   88.6 3.934E-09
   88.7 3.876E-09
   88.8 3.819E-09
   88.9 3.763E-09
   89.0 3.708E-09
   89.1 3.653E-09
   89.2 3.600E-09
   89.3 3.547E-09
   89.4 3.495E-09
   89.5 3.443E-09
   89.6 3.393E-09
   89.7 3.343E-09
   89.8 3.294E-09
   89.9 3.245E-09
   90.0 3.197E-09
   90.1 3.150E-09
   90.2 3.104E-09
   90.3 3.058E-09
   90.4 3.013E-09
   90.5 2.969E-09
   90.6 2.925E-09
   90.7 2.882E-09
   90.8 2.839E-09
   90.9 2.797E-09
   91.0 2.756E-09
   91.1 2.715E-09
   91.2 2.674E-09
   91.3 2.635E-09
   91.4 2.595E-09
   91.5 2.557E-09
   91.6 2.518E-09
   91.7 2.481E-09
   91.8 2.443E-09
   91.9 2.407E-09
   92.0 2.370E-09
   92.1 2.334E-09
   92.2 2.299E-09
   92.3 2.264E-09
   92.4 2.230E-09
   92.5 2.195E-09
   92.6 2.162E-09
   92.7 2.129E-09
   92.8 2.096E-09
   92.9 2.064E-09
   93.0 2.032E-09
   93.1 2.000E-09
   93.2 1.969E-09
   93.3 1.938E-09
   93.4 1.908E-09
   93.5 1.878E-09
   93.6 1.848E-09
   93.7 1.819E-09
   93.8 1.790E-09
   93.9 1.761E-09
   94.0 1.733E-09
   94.1 1.705E-09
   94.2 1.678E-09
   94.3 1.651E-09
   94.4 1.624E-09
   94.5 1.598E-09
   94.6 1.572E-09
   94.7 1.546E-09
   94.8 1.521E-09
   94.9 1.495E-09
   95.0 1.471E-09
   95.1 1.446E-09
   95.2 1.422E-09
   95.3 1.398E-09
   95.4 1.375E-09
   95.5 1.352E-09
   95.6 1.329E-09
   95.7 1.306E-09
   95.8 1.284E-09
   95.9 1.262E-09
   96.0 1.240E-09
   96.1 1.219E-09
   96.2 1.198E-09
   96.3 1.177E-09
   96.4 1.157E-09
   96.5 1.137E-09
   96.6 1.117E-09
   96.7 1.097E-09
   96.8 1.078E-09
   96.9 1.058E-09
   97.0 1.040E-09
   97.1 1.021E-09
   97.2 1.003E-09
   97.3 9.848E-10
   97.4 9.670E-10
   97.5 9.495E-10
   97.6 9.322E-10
   97.7 9.152E-10
   97.8 8.985E-10
   97.9 8.820E-10
   98.0 8.657E-10
   98.1 8.497E-10
   98.2 8.340E-10
   98.3 8.185E-10
   98.4 8.032E-10
   98.5 7.881E-10
   98.6 7.733E-10
   98.7 7.587E-10
   98.8 7.444E-10
   98.9 7.302E-10
   99.0 7.163E-10
   99.1 7.026E-10
   99.2 6.892E-10
   99.3 6.759E-10
   99.4 6.629E-10
   99.5 6.500E-10
   99.6 6.374E-10
   99.7 6.250E-10
   99.8 6.128E-10
   99.9 6.008E-10
  100.0 5.889E-10
  100.1 5.772E-10
  100.2 5.658E-10
  100.3 5.546E-10
  100.4 5.436E-10
  100.5 5.328E-10
  100.6 5.221E-10
  100.7 5.117E-10
  100.8 5.014E-10
  100.9 4.913E-10
  101.0 4.814E-10
  101.1 4.717E-10
  101.2 4.622E-10
  101.3 4.528E-10
  101.4 4.436E-10
  101.5 4.346E-10
  101.6 4.258E-10
  101.7 4.171E-10
  101.8 4.086E-10
  101.9 4.002E-10
  102.0 3.921E-10
  102.1 3.840E-10
  102.2 3.762E-10
  102.3 3.685E-10
  102.4 3.609E-10
  102.5 3.535E-10
  102.6 3.463E-10
  102.7 3.392E-10
  102.8 3.322E-10
  102.9 3.254E-10
  103.0 3.187E-10
  103.1 3.121E-10
  103.2 3.057E-10
  103.3 2.995E-10
  103.4 2.933E-10
  103.5 2.873E-10
  103.6 2.814E-10
  103.7 2.756E-10
  103.8 2.700E-10
  103.9 2.644E-10
  104.0 2.590E-10
  104.1 2.537E-10
  104.2 2.485E-10
  104.3 2.434E-10
  104.4 2.385E-10
  104.5 2.336E-10
  104.6 2.288E-10
  104.7 2.242E-10
  104.8 2.196E-10
  104.9 2.151E-10
  105.0 2.108E-10
  105.1 2.065E-10
  105.2 2.023E-10
  105.3 1.982E-10
  105.4 1.942E-10
  105.5 1.903E-10
  105.6 1.865E-10
  105.7 1.827E-10
  105.8 1.791E-10
  105.9 1.755E-10
  106.0 1.720E-10
  106.1 1.685E-10
  106.2 1.652E-10
  106.3 1.619E-10
  106.4 1.587E-10
  106.5 1.556E-10
  106.6 1.525E-10
  106.7 1.495E-10
  106.8 1.465E-10
  106.9 1.437E-10
  107.0 1.409E-10
  107.1 1.381E-10
  107.2 1.354E-10
  107.3 1.328E-10
  107.4 1.302E-10
  107.5 1.277E-10
  107.6 1.253E-10
  107.7 1.229E-10
  107.8 1.205E-10
  107.9 1.182E-10
  108.0 1.160E-10
  108.1 1.138E-10
  108.2 1.116E-10
  108.3 1.095E-10
  108.4 1.075E-10
  108.5 1.055E-10
  108.6 1.035E-10
  108.7 1.016E-10
  108.8 9.970E-11
  108.9 9.786E-11
  109.0 9.607E-11
  109.1 9.432E-11
  109.2 9.260E-11
  109.3 9.093E-11
  109.4 8.929E-11
  109.5 8.769E-11
  109.6 8.613E-11
  109.7 8.460E-11
  109.8 8.310E-11
  109.9 8.164E-11
  110.0 8.021E-11
  110.1 7.882E-11
  110.2 7.745E-11
  110.3 7.612E-11
  110.4 7.481E-11
  110.5 7.354E-11
  110.6 7.229E-11
  110.7 7.107E-11
  110.8 6.988E-11
  110.9 6.871E-11
  111.0 6.757E-11
  111.1 6.646E-11
  111.2 6.536E-11
  111.3 6.430E-11
  111.4 6.325E-11
  111.5 6.223E-11
  111.6 6.123E-11
  111.7 6.025E-11
  111.8 5.929E-11
  111.9 5.835E-11
  112.0 5.743E-11
  112.1 5.653E-11
  112.2 5.564E-11
  112.3 5.478E-11
  112.4 5.393E-11
  112.5 5.311E-11
  112.6 5.229E-11
  112.7 5.150E-11
  112.8 5.072E-11
  112.9 4.996E-11
  113.0 4.921E-11
  113.1 4.848E-11
  113.2 4.776E-11
  113.3 4.705E-11
  113.4 4.636E-11
  113.5 4.569E-11
  113.6 4.502E-11
  113.7 4.437E-11
  113.8 4.373E-11
  113.9 4.311E-11
  114.0 4.249E-11
  114.1 4.189E-11
  114.2 4.130E-11
  114.3 4.072E-11
  114.4 4.016E-11
  114.5 3.960E-11
  114.6 3.905E-11
  114.7 3.851E-11
  114.8 3.799E-11
  114.9 3.747E-11
  115.0 3.696E-11
  115.1 3.646E-11
  115.2 3.597E-11
  115.3 3.549E-11
  115.4 3.502E-11
  115.5 3.456E-11
  115.6 3.411E-11
  115.7 3.366E-11
  115.8 3.322E-11
  115.9 3.279E-11
  116.0 3.237E-11
  116.1 3.195E-11
  116.2 3.154E-11
  116.3 3.114E-11
  116.4 3.074E-11
  116.5 3.036E-11
  116.6 2.997E-11
  116.7 2.960E-11
  116.8 2.923E-11
  116.9 2.887E-11
  117.0 2.851E-11
  117.1 2.816E-11
  117.2 2.782E-11
  117.3 2.748E-11
  117.4 2.715E-11
  117.5 2.682E-11
  117.6 2.650E-11
  117.7 2.618E-11
  117.8 2.587E-11
  117.9 2.556E-11
  118.0 2.526E-11
  118.1 2.496E-11
  118.2 2.467E-11
  118.3 2.438E-11
  118.4 2.410E-11
  118.5 2.382E-11
  118.6 2.354E-11
  118.7 2.327E-11
  118.8 2.301E-11
  118.9 2.274E-11
  119.0 2.249E-11
  119.1 2.223E-11
  119.2 2.198E-11
  119.3 2.173E-11
  119.4 2.149E-11
  119.5 2.125E-11
  119.6 2.101E-11
  119.7 2.078E-11
  119.8 2.055E-11
  119.9 2.033E-11
  120.0 2.010E-11
  120.1 1.988E-11
  120.2 1.967E-11
  120.3 1.945E-11
  120.4 1.924E-11
  120.5 1.904E-11
  120.6 1.883E-11
  120.7 1.863E-11
  120.8 1.843E-11
  120.9 1.823E-11
  121.0 1.804E-11
  121.1 1.785E-11
  121.2 1.766E-11
  121.3 1.747E-11
  121.4 1.729E-11
  121.5 1.711E-11
  121.6 1.693E-11
  121.7 1.675E-11
  121.8 1.658E-11
  121.9 1.641E-11
  122.0 1.624E-11
  122.1 1.607E-11
  122.2 1.590E-11
  122.3 1.574E-11
  122.4 1.558E-11
  122.5 1.542E-11
  122.6 1.526E-11
  122.7 1.510E-11
  122.8 1.495E-11
  122.9 1.480E-11
  123.0 1.465E-11
  123.1 1.450E-11
  123.2 1.435E-11
  123.3 1.421E-11
  123.4 1.406E-11
  123.5 1.392E-11
  123.6 1.378E-11
  123.7 1.365E-11
  123.8 1.351E-11
  123.9 1.338E-11
  124.0 1.324E-11
  124.1 1.311E-11
  124.2 1.298E-11
  124.3 1.286E-11
  124.4 1.273E-11
  124.5 1.261E-11
  124.6 1.248E-11
  124.7 1.236E-11
  124.8 1.224E-11
  124.9 1.213E-11
  125.0 1.201E-11
  125.1 1.190E-11
  125.2 1.178E-11
  125.3 1.167E-11
  125.4 1.156E-11
  125.5 1.145E-11
  125.6 1.134E-11
  125.7 1.124E-11
  125.8 1.113E-11
  125.9 1.103E-11
  126.0 1.093E-11
  126.1 1.083E-11
  126.2 1.073E-11
  126.3 1.063E-11
  126.4 1.053E-11
  126.5 1.043E-11
  126.6 1.034E-11
  126.7 1.025E-11
  126.8 1.015E-11
  126.9 1.006E-11
  127.0 9.971E-12
  127.1 9.882E-12
  127.2 9.794E-12
  127.3 9.706E-12
  127.4 9.620E-12
  127.5 9.535E-12
  127.6 9.451E-12
  127.7 9.368E-12
  127.8 9.286E-12
  127.9 9.204E-12
  128.0 9.124E-12
  128.1 9.045E-12
  128.2 8.966E-12
  128.3 8.889E-12
  128.4 8.812E-12
  128.5 8.736E-12
  128.6 8.661E-12
  128.7 8.587E-12
  128.8 8.514E-12
  128.9 8.442E-12
  129.0 8.370E-12
  129.1 8.300E-12
  129.2 8.230E-12
  129.3 8.161E-12
  129.4 8.092E-12
  129.5 8.025E-12
  129.6 7.958E-12
  129.7 7.892E-12
  129.8 7.826E-12
  129.9 7.762E-12
  130.0 7.698E-12
  130.1 7.634E-12
  130.2 7.572E-12
  130.3 7.510E-12
  130.4 7.449E-12
  130.5 7.388E-12
  130.6 7.328E-12
  130.7 7.269E-12
  130.8 7.211E-12
  130.9 7.153E-12
  131.0 7.095E-12
  131.1 7.039E-12
  131.2 6.982E-12
  131.3 6.927E-12
  131.4 6.872E-12
  131.5 6.818E-12
  131.6 6.764E-12
  131.7 6.711E-12
  131.8 6.658E-12
  131.9 6.606E-12
  132.0 6.554E-12
  132.1 6.503E-12
  132.2 6.453E-12
  132.3 6.402E-12
  132.4 6.353E-12
  132.5 6.304E-12
  132.6 6.256E-12
  132.7 6.208E-12
  132.8 6.160E-12
  132.9 6.113E-12
  133.0 6.066E-12
  133.1 6.020E-12
  133.2 5.975E-12
  133.3 5.930E-12
  133.4 5.885E-12
  133.5 5.841E-12
  133.6 5.797E-12
  133.7 5.753E-12
  133.8 5.710E-12
  133.9 5.668E-12
  134.0 5.626E-12
  134.1 5.584E-12
  134.2 5.543E-12
  134.3 5.502E-12
  134.4 5.462E-12
  134.5 5.421E-12
  134.6 5.382E-12
  134.7 5.342E-12
  134.8 5.303E-12
  134.9 5.265E-12
  135.0 5.227E-12
  135.1 5.189E-12
  135.2 5.151E-12
  135.3 5.114E-12
  135.4 5.078E-12
  135.5 5.041E-12
  135.6 5.005E-12
  135.7 4.969E-12
  135.8 4.934E-12
  135.9 4.899E-12
  136.0 4.864E-12
  136.1 4.830E-12
  136.2 4.796E-12
  136.3 4.762E-12
  136.4 4.729E-12
  136.5 4.695E-12
  136.6 4.663E-12
  136.7 4.630E-12
  136.8 4.598E-12
  136.9 4.566E-12
  137.0 4.534E-12
  137.1 4.503E-12
  137.2 4.472E-12
  137.3 4.441E-12
  137.4 4.411E-12
  137.5 4.380E-12
  137.6 4.350E-12
  137.7 4.321E-12
  137.8 4.291E-12
  137.9 4.262E-12
  138.0 4.233E-12
  138.1 4.205E-12
  138.2 4.176E-12
  138.3 4.148E-12
  138.4 4.120E-12
  138.5 4.092E-12
  138.6 4.065E-12
  138.7 4.038E-12
  138.8 4.011E-12
  138.9 3.984E-12
  139.0 3.958E-12
  139.1 3.932E-12
  139.2 3.906E-12
  139.3 3.880E-12
  139.4 3.854E-12
  139.5 3.829E-12
  139.6 3.804E-12
  139.7 3.779E-12
  139.8 3.754E-12
  139.9 3.730E-12
  140.0 3.706E-12
  140.1 3.682E-12
  140.2 3.658E-12
  140.3 3.634E-12
  140.4 3.611E-12
  140.5 3.587E-12
  140.6 3.564E-12
  140.7 3.542E-12
  140.8 3.519E-12
  140.9 3.496E-12
  141.0 3.474E-12
  141.1 3.452E-12
  141.2 3.430E-12
  141.3 3.408E-12
  141.4 3.387E-12
  141.5 3.365E-12
  141.6 3.344E-12
  141.7 3.323E-12
  141.8 3.302E-12
  141.9 3.282E-12
  142.0 3.261E-12
  142.1 3.241E-12
  142.2 3.221E-12
  142.3 3.201E-12
  142.4 3.181E-12
  142.5 3.161E-12
  142.6 3.141E-12
  142.7 3.122E-12
  142.8 3.103E-12
  142.9 3.084E-12
  143.0 3.065E-12
  143.1 3.046E-12
  143.2 3.027E-12
  143.3 3.009E-12
  143.4 2.991E-12
  143.5 2.973E-12
  143.6 2.954E-12
  143.7 2.937E-12
  143.8 2.919E-12
  143.9 2.901E-12
  144.0 2.884E-12
  144.1 2.866E-12
  144.2 2.849E-12
  144.3 2.832E-12
  144.4 2.815E-12
  144.5 2.798E-12
  144.6 2.782E-12
  144.7 2.765E-12
  144.8 2.749E-12
  144.9 2.733E-12
  145.0 2.716E-12
  145.1 2.700E-12
  145.2 2.684E-12
  145.3 2.669E-12
  145.4 2.653E-12
  145.5 2.637E-12
  145.6 2.622E-12
  145.7 2.607E-12
  145.8 2.591E-12
  145.9 2.576E-12
  146.0 2.561E-12
  146.1 2.546E-12
  146.2 2.532E-12
  146.3 2.517E-12
  146.4 2.503E-12
  146.5 2.488E-12
  146.6 2.474E-12
  146.7 2.460E-12
  146.8 2.445E-12
  146.9 2.431E-12
  147.0 2.418E-12
  147.1 2.404E-12
  147.2 2.390E-12
  147.3 2.376E-12
  147.4 2.363E-12
  147.5 2.350E-12
  147.6 2.336E-12
  147.7 2.323E-12
  147.8 2.310E-12
  147.9 2.297E-12
  148.0 2.284E-12
  148.1 2.271E-12
  148.2 2.259E-12
  148.3 2.246E-12
  148.4 2.233E-12
  148.5 2.221E-12
  148.6 2.209E-12
  148.7 2.196E-12
  148.8 2.184E-12
  148.9 2.172E-12
  149.0 2.160E-12
  149.1 2.148E-12
  149.2 2.136E-12
  149.3 2.124E-12
  149.4 2.113E-12
  149.5 2.101E-12
  149.6 2.090E-12
  149.7 2.078E-12
  149.8 2.067E-12
  149.9 2.056E-12
  150.0 2.044E-12
  150.1 2.033E-12
  150.2 2.022E-12
  150.3 2.011E-12
  150.4 2.000E-12
  150.5 1.990E-12
  150.6 1.979E-12
  150.7 1.968E-12
  150.8 1.958E-12
  150.9 1.947E-12
  151.0 1.937E-12
  151.1 1.926E-12
  151.2 1.916E-12
  151.3 1.906E-12
  151.4 1.896E-12
  151.5 1.885E-12
  151.6 1.875E-12
  151.7 1.865E-12
  151.8 1.856E-12
  151.9 1.846E-12
  152.0 1.836E-12
  152.1 1.826E-12
  152.2 1.817E-12
  152.3 1.807E-12
  152.4 1.798E-12
  152.5 1.788E-12
  152.6 1.779E-12
  152.7 1.770E-12
  152.8 1.760E-12
  152.9 1.751E-12
  153.0 1.742E-12
  153.1 1.733E-12
  153.2 1.724E-12
  153.3 1.715E-12
  153.4 1.706E-12
  153.5 1.697E-12
  153.6 1.688E-12
  153.7 1.680E-12
  153.8 1.671E-12
  153.9 1.663E-12
  154.0 1.654E-12
  154.1 1.646E-12
  154.2 1.637E-12
  154.3 1.629E-12
  154.4 1.620E-12
  154.5 1.612E-12
  154.6 1.604E-12
  154.7 1.596E-12
  154.8 1.588E-12
  154.9 1.580E-12
  155.0 1.572E-12
  155.1 1.564E-12
  155.2 1.556E-12
  155.3 1.548E-12
  155.4 1.540E-12
  155.5 1.532E-12
  155.6 1.525E-12
  155.7 1.517E-12
  155.8 1.509E-12
  155.9 1.502E-12
  156.0 1.494E-12
  156.1 1.487E-12
  156.2 1.479E-12
  156.3 1.472E-12
  156.4 1.465E-12
  156.5 1.458E-12
  156.6 1.450E-12
  156.7 1.443E-12
  156.8 1.436E-12
  156.9 1.429E-12
  157.0 1.422E-12
  157.1 1.415E-12
  157.2 1.408E-12
  157.3 1.401E-12
  157.4 1.394E-12
  157.5 1.387E-12
  157.6 1.380E-12
  157.7 1.374E-12
  157.8 1.367E-12
  157.9 1.360E-12
  158.0 1.354E-12
  158.1 1.347E-12
  158.2 1.341E-12
  158.3 1.334E-12
  158.4 1.328E-12
  158.5 1.321E-12
  158.6 1.315E-12
  158.7 1.308E-12
  158.8 1.302E-12
  158.9 1.296E-12
  159.0 1.290E-12
  159.1 1.283E-12
  159.2 1.277E-12
  159.3 1.271E-12
  159.4 1.265E-12
  159.5 1.259E-12
  159.6 1.253E-12
  159.7 1.247E-12
  159.8 1.241E-12
  159.9 1.235E-12
  160.0 1.229E-12
  160.1 1.223E-12
  160.2 1.217E-12
  160.3 1.211E-12
  160.4 1.206E-12
  160.5 1.200E-12
  160.6 1.194E-12
  160.7 1.189E-12
  160.8 1.183E-12
  160.9 1.178E-12
  161.0 1.172E-12
  161.1 1.167E-12
  161.2 1.161E-12
  161.3 1.156E-12
  161.4 1.150E-12
  161.5 1.145E-12
  161.6 1.140E-12
  161.7 1.134E-12
  161.8 1.129E-12
  161.9 1.124E-12
  162.0 1.119E-12
  162.1 1.113E-12
  162.2 1.108E-12
  162.3 1.103E-12
  162.4 1.098E-12
  162.5 1.093E-12
  162.6 1.088E-12
  162.7 1.083E-12
  162.8 1.078E-12
  162.9 1.073E-12
  163.0 1.068E-12
  163.1 1.063E-12
  163.2 1.058E-12
  163.3 1.053E-12
  163.4 1.049E-12
  163.5 1.044E-12
  163.6 1.039E-12
  163.7 1.034E-12
  163.8 1.030E-12
  163.9 1.025E-12
  164.0 1.020E-12
  164.1 1.016E-12
  164.2 1.011E-12
  164.3 1.007E-12
  164.4 1.002E-12
  164.5 9.975E-13
  164.6 9.931E-13
  164.7 9.886E-13
  164.8 9.841E-13
  164.9 9.797E-13
  165.0 9.753E-13
  165.1 9.710E-13
  165.2 9.666E-13
  165.3 9.623E-13
  165.4 9.580E-13
  165.5 9.537E-13
  165.6 9.495E-13
  165.7 9.452E-13
  165.8 9.410E-13
  165.9 9.369E-13
  166.0 9.327E-13
  166.1 9.286E-13
  166.2 9.245E-13
  166.3 9.204E-13
  166.4 9.163E-13
  166.5 9.123E-13
  166.6 9.082E-13
  166.7 9.042E-13
  166.8 9.003E-13
  166.9 8.963E-13
  167.0 8.924E-13
  167.1 8.884E-13
  167.2 8.845E-13
  167.3 8.807E-13
  167.4 8.768E-13
  167.5 8.730E-13
  167.6 8.692E-13
  167.7 8.654E-13
  167.8 8.616E-13
  167.9 8.579E-13
  168.0 8.541E-13
  168.1 8.504E-13
  168.2 8.467E-13
  168.3 8.431E-13
  168.4 8.394E-13
  168.5 8.358E-13
  168.6 8.322E-13
  168.7 8.286E-13
  168.8 8.250E-13
  168.9 8.215E-13
  169.0 8.179E-13
  169.1 8.144E-13
  169.2 8.109E-13
  169.3 8.074E-13
  169.4 8.040E-13
  169.5 8.005E-13
  169.6 7.971E-13
  169.7 7.937E-13
  169.8 7.903E-13
  169.9 7.869E-13
  170.0 7.836E-13
  170.1 7.802E-13
  170.2 7.769E-13
  170.3 7.736E-13
  170.4 7.703E-13
  170.5 7.671E-13
  170.6 7.638E-13
  170.7 7.606E-13
  170.8 7.574E-13
  170.9 7.542E-13
  171.0 7.510E-13
  171.1 7.478E-13
  171.2 7.447E-13
  171.3 7.415E-13
  171.4 7.384E-13
  171.5 7.353E-13
  171.6 7.322E-13
  171.7 7.292E-13
  171.8 7.261E-13
  171.9 7.231E-13
  172.0 7.200E-13
  172.1 7.170E-13
  172.2 7.140E-13
  172.3 7.111E-13
  172.4 7.081E-13
  172.5 7.052E-13
  172.6 7.022E-13
  172.7 6.993E-13
  172.8 6.964E-13
  172.9 6.935E-13
  173.0 6.906E-13
  173.1 6.878E-13
  173.2 6.849E-13
  173.3 6.821E-13
  173.4 6.793E-13
  173.5 6.765E-13
  173.6 6.737E-13
  173.7 6.709E-13
  173.8 6.682E-13
  173.9 6.654E-13
  174.0 6.627E-13
  174.1 6.600E-13
  174.2 6.573E-13
  174.3 6.546E-13
  174.4 6.519E-13
  174.5 6.492E-13
  174.6 6.466E-13
  174.7 6.439E-13
  174.8 6.413E-13
  174.9 6.387E-13
  175.0 6.361E-13
  175.1 6.335E-13
  175.2 6.309E-13
  175.3 6.284E-13
  175.4 6.258E-13
  175.5 6.233E-13
  175.6 6.208E-13
  175.7 6.183E-13
  175.8 6.158E-13
  175.9 6.133E-13
  176.0 6.108E-13
  176.1 6.083E-13
  176.2 6.059E-13
  176.3 6.034E-13
  176.4 6.010E-13
  176.5 5.986E-13
  176.6 5.962E-13
  176.7 5.938E-13
  176.8 5.914E-13
  176.9 5.891E-13
  177.0 5.867E-13
  177.1 5.844E-13
  177.2 5.820E-13
  177.3 5.797E-13
  177.4 5.774E-13
  177.5 5.751E-13
  177.6 5.728E-13
  177.7 5.705E-13
  177.8 5.683E-13
  177.9 5.660E-13
  178.0 5.638E-13
  178.1 5.615E-13
  178.2 5.593E-13
  178.3 5.571E-13
  178.4 5.549E-13
  178.5 5.527E-13
  178.6 5.505E-13
  178.7 5.483E-13
  178.8 5.462E-13
  178.9 5.440E-13
  179.0 5.419E-13
  179.1 5.398E-13
  179.2 5.376E-13
  179.3 5.355E-13
  179.4 5.334E-13
  179.5 5.313E-13
  179.6 5.292E-13
  179.7 5.272E-13
  179.8 5.251E-13
  179.9 5.231E-13
  180.0 5.210E-13
  180.1 5.190E-13
  180.2 5.170E-13
  180.3 5.150E-13
  180.4 5.129E-13
  180.5 5.110E-13
  180.6 5.090E-13
  180.7 5.070E-13
  180.8 5.050E-13
  180.9 5.031E-13
  181.0 5.011E-13
  181.1 4.992E-13
  181.2 4.972E-13
  181.3 4.953E-13
  181.4 4.934E-13
  181.5 4.915E-13
  181.6 4.896E-13
  181.7 4.877E-13
  181.8 4.859E-13
  181.9 4.840E-13
  182.0 4.821E-13
  182.1 4.803E-13
  182.2 4.784E-13
  182.3 4.766E-13
  182.4 4.748E-13
  182.5 4.730E-13
  182.6 4.711E-13
  182.7 4.693E-13
  182.8 4.675E-13
  182.9 4.658E-13
  183.0 4.640E-13
  183.1 4.622E-13
  183.2 4.605E-13
  183.3 4.587E-13
  183.4 4.570E-13
  183.5 4.552E-13
  183.6 4.535E-13
  183.7 4.518E-13
  183.8 4.501E-13
  183.9 4.484E-13
  184.0 4.467E-13
  184.1 4.450E-13
  184.2 4.433E-13
  184.3 4.416E-13
  184.4 4.399E-13
  184.5 4.383E-13
  184.6 4.366E-13
  184.7 4.350E-13
  184.8 4.334E-13
  184.9 4.317E-13
  185.0 4.301E-13
  185.1 4.285E-13
  185.2 4.269E-13
  185.3 4.253E-13
  185.4 4.237E-13
  185.5 4.221E-13
  185.6 4.205E-13
  185.7 4.189E-13
  185.8 4.174E-13
  185.9 4.158E-13
  186.0 4.143E-13
  186.1 4.127E-13
  186.2 4.112E-13
  186.3 4.097E-13
  186.4 4.081E-13
  186.5 4.066E-13
  186.6 4.051E-13
  186.7 4.036E-13
  186.8 4.021E-13
  186.9 4.006E-13
  187.0 3.991E-13
  187.1 3.976E-13
  187.2 3.962E-13
  187.3 3.947E-13
  187.4 3.933E-13
  187.5 3.918E-13
  187.6 3.904E-13
  187.7 3.889E-13
  187.8 3.875E-13
  187.9 3.861E-13
  188.0 3.846E-13
  188.1 3.832E-13
  188.2 3.818E-13
  188.3 3.804E-13
  188.4 3.790E-13
  188.5 3.776E-13
  188.6 3.762E-13
  188.7 3.749E-13
  188.8 3.735E-13
  188.9 3.721E-13
  189.0 3.708E-13
  189.1 3.694E-13
  189.2 3.681E-13
  189.3 3.667E-13
  189.4 3.654E-13
  189.5 3.641E-13
  189.6 3.627E-13
  189.7 3.614E-13
  189.8 3.601E-13
  189.9 3.588E-13
  190.0 3.575E-13
  190.1 3.562E-13
  190.2 3.549E-13
  190.3 3.536E-13
  190.4 3.523E-13
  190.5 3.511E-13
  190.6 3.498E-13
  190.7 3.485E-13
  190.8 3.473E-13
  190.9 3.460E-13
  191.0 3.448E-13
  191.1 3.435E-13
  191.2 3.423E-13
  191.3 3.411E-13
  191.4 3.398E-13
  191.5 3.386E-13
  191.6 3.374E-13
  191.7 3.362E-13
  191.8 3.350E-13
  191.9 3.338E-13
  192.0 3.326E-13
  192.1 3.314E-13
  192.2 3.302E-13
  192.3 3.290E-13
  192.4 3.279E-13
  192.5 3.267E-13
  192.6 3.255E-13
  192.7 3.244E-13
  192.8 3.232E-13
  192.9 3.220E-13
  193.0 3.209E-13
  193.1 3.198E-13
  193.2 3.186E-13
  193.3 3.175E-13
  193.4 3.164E-13
  193.5 3.152E-13
  193.6 3.141E-13
  193.7 3.130E-13
  193.8 3.119E-13
  193.9 3.108E-13
  194.0 3.097E-13
  194.1 3.086E-13
  194.2 3.075E-13
  194.3 3.064E-13
  194.4 3.053E-13
  194.5 3.043E-13
  194.6 3.032E-13
  194.7 3.021E-13
  194.8 3.011E-13
  194.9 3.000E-13
  195.0 2.990E-13
  195.1 2.979E-13
  195.2 2.969E-13
  195.3 2.958E-13
  195.4 2.948E-13
  195.5 2.937E-13
  195.6 2.927E-13
  195.7 2.917E-13
  195.8 2.907E-13
  195.9 2.897E-13
  196.0 2.886E-13
  196.1 2.876E-13
  196.2 2.866E-13
  196.3 2.856E-13
  196.4 2.846E-13
  196.5 2.836E-13
  196.6 2.827E-13
  196.7 2.817E-13
  196.8 2.807E-13
  196.9 2.797E-13
  197.0 2.788E-13
  197.1 2.778E-13
  197.2 2.768E-13
  197.3 2.759E-13
  197.4 2.749E-13
  197.5 2.740E-13
  197.6 2.730E-13
  197.7 2.721E-13
  197.8 2.711E-13
  197.9 2.702E-13
  198.0 2.693E-13
  198.1 2.683E-13
  198.2 2.674E-13
  198.3 2.665E-13
  198.4 2.656E-13
  198.5 2.646E-13
  198.6 2.637E-13
  198.7 2.628E-13
  198.8 2.619E-13
  198.9 2.610E-13
  199.0 2.601E-13
  199.1 2.592E-13
  199.2 2.583E-13
  199.3 2.575E-13
  199.4 2.566E-13
  199.5 2.557E-13
  199.6 2.548E-13
  199.7 2.540E-13
  199.8 2.531E-13
  199.9 2.522E-13